Camera Calibration Parameters
Reprojection Error: 0.29079253026759116

Camera Matrix (Intrinsic Parameters):
1440.125145 0.000000 618.639547
0.000000 1437.529125 357.362161
0.000000 0.000000 1.000000

Distortion Coefficients:
0.013898 0.792398 0.005245 -0.000058 -3.222818

Rotation Vectors:
-0.077168
0.026090
-3.120418

0.108532
-0.026807
3.134112

-0.176833
0.300498
-1.545255

0.006030
0.031970
-3.137362

-0.047593
0.051342
-3.134416

0.097412
0.008727
3.137484

-0.041894
0.053303
-3.131295

0.243162
0.010508
3.071575

-0.149500
0.024819
-3.128945

-0.002318
0.065743
-3.123854

0.262718
0.042831
3.118340

0.068038
-0.004004
3.139867

-0.181190
0.329350
-1.550153

0.323348
0.021763
3.097697

-0.103089
0.030696
-3.134088

-0.214651
0.255605
-1.532708

0.052192
-0.007250
-3.117731

-0.134171
0.046798
-3.133638

-0.085184
-0.069725
-3.105452

-0.017350
-0.005595
3.131589

-0.190250
0.019649
-3.117443

-0.098290
-0.051757
-3.119309

-0.339779
-0.234980
-3.061560

-0.073606
-0.035289
-3.110072

0.052243
-0.020452
-3.121115

0.302399
0.026346
3.083239

-0.147269
-0.055123
-3.103472

0.130534
-0.044742
3.132601

-0.040998
0.044391
-3.140639

-0.079460
0.053903
-3.130645

0.054214
-0.044777
-3.109879

0.164986
-0.014599
3.122390

0.328131
0.020671
3.091406


Translation Vectors:
-0.045517
0.141345
0.649172

0.163859
0.144091
0.629400

0.051201
0.024767
0.944735

0.154927
-0.000171
0.635731

0.211397
0.069953
0.624014

0.213683
0.137825
0.614773

0.266558
0.071768
0.615635

-0.080016
0.200454
0.918723

-0.011916
0.080550
0.635789

0.142098
0.075300
0.628693

0.195547
0.195844
0.865044

0.255116
0.145172
0.599337

0.168151
0.012373
0.956715

0.353958
0.188488
0.858571

-0.001389
0.142441
0.647441

0.236450
0.038871
0.910208

0.083291
0.059157
0.841206

0.055186
0.144353
0.650565

0.353761
0.052457
0.828340

0.266320
-0.000669
0.618507

-0.042009
0.084920
0.633444

0.314762
0.058847
0.838583

-0.028315
-0.070340
0.891298

-0.124792
0.054230
0.855622

0.185733
0.060288
0.838798

-0.162856
0.212479
0.929790

-0.143740
-0.045031
0.857893

0.114964
0.144331
0.644864

0.060406
0.075794
0.639658

0.039748
-0.006259
0.656687

-0.037404
0.053917
0.852700

0.056105
0.204486
0.912846

0.296423
0.191957
0.861612

